TIC
134522557
134524880
150187916
150361911
150429807
159897979
161988269
177077475
177114520
202490797
203001339
25078924
25155310
25226885
260271203
269852699
308851582
335452175
359675849
362104293
364120439
364186087
366329064
366517337
366761761
366972961
367782212
368108303
368319105
368334916
368452480
369283035
371706494
372218151
372340793
373128383
373328406
373702832
375853985
375854079
377055044
3816260
38586438
38589392
405177882
408512382
408552008
410654298
423363853
446832107
462267926
5703872
5868998
5966705
66102144
6667908
375599392
103452621
103566595
118313102
13389059
137501278
138578906
138650903
1400770435
140659978
140659980
140736015
141268467
141333573
141622065
141685465
141809359
141814272
141978095
142105299
142154041
142441910
142783746
142979644
147576476
147625755
147686743
148914403
148963419
149473467
149573659
149629043
150187916
150357064
150361911
150429807
150442264
154511165
154570928
155894704
157273321
157318662
157999789
158272742
158393140
158579379
159298033
159464498
159510109
160228595
160472514
160585813
160603897
160618494
161577376
161638713
161668117
161687311
161744580
164557531
165453878
165470014
165626871
165721304
165991532
166090445
167304040
167692429
167795859
177077475
177308817
1883519478
188816156
193948188
193971913
198011271
198076334
198242676
198242678
198358825
198366673
198382838
198410480
198537349
198555959
199574208
199574211
199662929
199688409
199708835
199709055
199716496
202299805
202442974
202444594
202490797
207398432
219033506
219201178
219238496
219244444
219362976
219373406
219435542
220397947
220430912
220474209
220523550
224602502
224606205
229495981
229585356
229776076
229788204
229910234
229910746
230063769
230065962
230114503
230393824
231093356
231809798
231822771
232617358
232629077
232633677
232965249
233193944
233195058
233208885
233211759
233390838
233460141
233531814
233532554
233569141
233720276
233722938
233738458
235945613
236865152
236973844
237200747
237234024
237277760
237290473
237944385
238162238
238196979
238891168
238896417
243248327
25078924
255548311
255567460
255700967
255744818
255802749
256640207
256640561
257691369
258351350
258391911
258826816
258923466
259003868
259006185
259126645
259373684
259514170
259543079
259589049
259675295
259701720
260128333
260131665
260132330
260161144
260502102
260504147
260659986
261332760
261335113
263635510
264007205
264301570
268404844
268944966
269609504
271529021
271529113
271596290
272357134
272532173
272650576
272781956
272822330
27312189
274509791
274575202
274599035
275259749
278270436
278296621
27843942
278683641
278826516
278861826
278956474
279087522
279202406
279323859
279569707
279605117
279741942
279955276
280052690
280321964
281114303
281486906
282051803
282925798
284611896
284925600
285339013
288027491
288346083
288434781
288471108
288507910
288735205
288979840
289044378
289564387
289722957
289949453
289991695
291466214
293480903
294092966
294327312
29778064
298734307
299096355
30034081
300560295
300654002
300871545
302038263
302043038
302771290
302773669
30313682
303255899
305399324
305399325
305466446
307291318
307433122
307488184
308451526
308851582
308991822
309146836
309350921
309658221
309720946
311070085
31107108
31273263
31415131
314576961
316450573
31653503
31850842
319467578
32000625
320524167
320524751
32150630
322262620
323143096
323292655
323968843
327121759
327121928
327583823
329248002
332277332
332334202
335265326
335484090
336823975
33715938
337544122
337886863
338071673
338159479
341550561
343549114
343667351
349055915
349059354
349480507
349519544
349643889
349832824
349835367
349907707
350030939
350298314
350443417
350479101
350480660
350518984
350618622
350622185
352110251
352165018
352979549
353077789
353854078
353894978
354922610
354926863
354970764
355152971
355357949
356015357
356240274
356340346
356820646
356896561
357031563
358111274
358613523
358908226
359497418
359631418
359675849
362104293
364186087
364302118
365936982
366517337
366972961
367815306
367853806
368319105
369283035
371480725
371706494
372758722
373128383
373328406
373702832
374859582
375422201
375599392
375853985
375854079
376499580
376595143
376891083
376891085
377055044
377190161
377192659
377278259
377307592
379631121
381948745
382067804
382517745
384031569
38586438
38699825
387901176
388431706
388431711
388436487
391902612
392536805
393491149
396201681
396486931
396713719
397100292
399832376
400940488
404103665
404113676
404927661
405504882
407661994
412638697
415469752
417585921
417765877
418221292
418244848
418292424
420114772
420645189
420757505
421334320
424439457
424719589
425064757
427147238
427240420
427385758
428735978
428784674
428795527
434437489
434723918
434893323
441641972
441687696
441690583
441694629
441732151
441739153
441804888
445287089
445836238
452575636
452631268
455824124
45696212
458478250
458481461
459894730
459979709
468754960
469857617
470085533
470124714
470710327
471011933
47757785
48084398
48356677
48499902
48507019
50380257
51955546
55295028
55404385
55497281
55524055
55602946
55652785
55659311
64951042
83905462
86385104
255806138
